
function bdata=busdata(x)

%% Line data Format (line)
% All values are given on the same system base MVA
% 1: From bus  
% 2: To bus   
% 3: Resistance (pu)
% 4: Reactance  (pu)
% 5: Charge     (pu)
% 6: Transformer Tap Amplitute
% 7: base MVA
% 8: Nomonal Voltage (KV) 

%   1   2    3        4       5     6    7   8  
bdata.line=[...
    1	2	0.0035	0.0411	0.6987	0	100	345
    1	39	0.001	0.025	0.75	0	100	345
    2	3	0.0013	0.0151	0.2572	0	100	345
    2	25	0.007	0.0086	0.146	0	100	345
    2	30	0	    0.0181	0	  1.025	100	22
    3	4	0.0013	0.0213	0.2214	0	100	345
    3	18	0.0011	0.0133	0.2138	0	100	345
    4	5	0.0008	0.0128	0.1342	0	100	345
    4	14	0.0008	0.0129	0.1382	0	100	345
    5	8	0.0008	0.0112	0.1476	0	100	345
    6	5	0.0002	0.0026	0.0434	0	100	345
    6	7	0.0006	0.0092	0.113	0	100	345
    6	11	0.0007	0.0082	0.1389	0	100	345
    7	8	0.0004	0.0046	0.078	0	100	345
    8	9	0.0023	0.0363	0.3804	0	100	345
    9	39	0.001	0.025	1.2	    0	100	345
    10	11	0.0004	0.0043	0.0729	0	100	345
    10	13	0.0004	0.0043	0.0729	0	100	345
    10	32	0	    0.02	0	  1.07	100	22
    12	11	0.0016	0.0435	0	  1.006	100	345
    12	13	0.0016	0.0435	0	  1.006	100	345
    13	14	0.0009	0.0101	0.1723	0	100	345
    14	15	0.0018	0.0217	0.366	0	100	345
    15	16	0.0009	0.0094	0.171	0	100	345
    16	17	0.0007	0.0089	0.1342	0	100	345
    16	19	0.0016	0.0195	0.304	0	100	345
    16	21	0.0008	0.0135	0.2548	0	100	345
    16	24	0.0003	0.0059	0.068	0	100	345
    17	18	0.0007	0.0082	0.1319	0	100	345
    17	27	0.0013	0.0173	0.3216	0	100	345
    19	33	0.0007	0.0142	0	  1.07	100	22
    19	20	0.0007	0.0138	0	  1.06	100	345
    20	34	0.0009	0.018	0	  1.009	100	22
    21	22	0.0008	0.014	0.2565	0	100	345
    22	23	0.0006	0.0096	0.1846	0	100	345
    22	35	0	    0.0143	0	  1.025	100	22
    23	24	0.0022	0.035	0.361	0	100	345
    23	36	0.0005	0.0272	0	    1	100	22
    25	26	0.0032	0.0323	0.513	0	100	345
    25	37	0.0006	0.0232	0	  1.025	100	22
    26	27	0.0014	0.0147	0.2396	0	100	345
    26	28	0.0043	0.0474	0.7802	0	100	345
    26	29	0.0057	0.0625	1.029	0	100	345
    28	29	0.0014	0.0151	0.249	0	100	345
    29	38	0.0008	0.0156	0	  1.025	100	22
    31	6	0	    0.025	0	    1	100	22];

% -----------
% bus data
%(bus#)( volt )( ang  )(  pgen )(  qgen )( pload )( qload )(gshunt)(bshunt)(bus type)
bdata.bus=[
   1   1.048  -9.43   0.0000   0.0000   0.0000   0.0000 0.00000 0.00000 3 99  -99 1.0   0     0;
   2   1.0505 -6.89   0.0000   0.0000   0.0000   0.0000 0.00000 0.00000 3 99  -99 1.0   0     0;
   3   1.0341 -9.73   0.0000   0.0000   3.2200   0.0240 0.00000 0.00000 3 99  -99 1.0   0     0;
   4   1.0116 -10.53  0.0000   0.0000   5.0000   1.8400 0.00000 1.00000 3 99  -99 1.0   0     0;
   5   1.0165 -9.38   0.0000   0.0000   0.0000   0.0000 0.00000 2.00000 3 99  -99 1.0   0     0;
   6   1.0172 -8.68   0.0000   0.0000   0.0000   0.0000 0.00000 0.00000 3 99  -99 1.0   0     0;
   7   1.0067 -10.84  0.0000   0.0000   2.3380   8.4000 0.00000 0.00000 3 99  -99 1.0   0     0;
   8   1.0057 -11.34  0.0000   0.0000   5.2200   1.7600 0.00000 0.00000 3 99  -99 1.0   0     0;
   9   1.0322 -11.15  0.0000   0.0000   0.0000   0.0000 0.00000 0.00000 3 99  -99 1.0   0     0;
  10   1.0235 -6.31   0.0000   0.0000   0.0000   0.0000 0.00000 0.00000 3 99  -99 1.0   0     0;
  11   1.0201 -7.12   0.0000   0.0000   0.0000   0.0000 0.00000 0.00000 3 99  -99 1.0   0     0;
  12   1.0072 -7.14   0.0000   0.0000   0.0850   0.8800 0.00000 0.00000 3 99  -99 1.0   0     0;
  13   1.0207 -7.02   0.0000   0.0000   0.0000   0.0000 0.00000 0.00000 3 99  -99 1.0   0     0;
  14   1.0181 -8.66   0.0000   0.0000   0.0000   0.0000 0.00000 0.00000 3 99  -99 1.0   0     0;
  15   1.0194 -9.06   0.0000   0.0000   3.2000   1.5300 0.00000 0.00000 3 99  -99 1.0   0     0;
  16   1.0346 -7.66   0.0000   0.0000   3.2940   3.2300 0.00000 0.00000 3 99  -99 1.0   0     0;
  17   1.0365 -8.65   0.0000   0.0000   0.0000   0.0000 0.00000 0.00000 3 99  -99 1.0   0     0;
  18   1.0343 -9.49   0.0000   0.0000   1.5800   0.3000 0.00000 0.00000 3 99  -99 1.0   0     0;
  19   1.0509 -3.04   0.0000   0.0000   0.0000   0.0000 0.00000 0.00000 3 99  -99 1.0   0     0;
  20   0.9914 -4.45   0.0000   0.0000   6.8000   1.0300 0.00000 0.00000 3 99  -99 1.0   0     0;
  21   1.0337 -5.26   0.0000   0.0000   2.7400   1.1500 0.00000 0.00000 3 99  -99 1.0   0     0;
  22   1.0509 -0.82   0.0000   0.0000   0.0000   0.0000 0.00000 0.00000 3 99  -99 1.0   0     0;
  23   1.0459 -1.02   0.0000   0.0000   2.4750   0.8460 0.00000 0.00000 3 99  -99 1.0   0     0;
  24   1.0399 -7.54   0.0000   0.0000   3.0860   -0.922 0.00000 0.00000 3 99  -99 1.0   0     0;
  25   1.0587 -5.51   0.0000   0.0000   2.2400   0.4720 0.00000 0.00000 3 99  -99 1.0   0     0;
  26   1.0536 -6.77   0.0000   0.0000   1.3900   0.1700 0.00000 0.00000 3 99  -99 1.0   0     0;
  27   1.0399 -8.78   0.0000   0.0000   2.8100   0.7550 0.00000 0.00000 3 99  -99 1.0   0     0;
  28   1.0509 -3.27   0.0000   0.0000   2.0600   0.2760 0.00000 0.00000 3 99  -99 1.0   0     0;
  29   1.0505 -0.51   0.0000   0.0000   2.8350   0.2690 0.00000 1.00000 3 99  -99 1.0   0     0;
  30   1.0475 -4.47   2.5000   1.3621   0.0000   0.0000 0.00000 0.00000 2  8   -5 1.0   0     0;
  31   1.0400  0.00   5.7293   1.7036   0.0920   0.0460 0.00000 0.00000 2  8   -5 1.0   0     0;
  32   0.9831  1.63   6.5000   1.7590   0.0000   0.0000 0.00000 0.00000 2  8   -5 1.0   0     0;
  33   0.9972  2.18   6.3200   1.0335   0.0000   0.0000 0.00000 0.00000 2  8   -5 1.0   0     0;
  34   1.0123  0.74   5.0800   1.6400   0.0000   0.0000 0.00000 0.00000 2  4   -3 1.0   0     0;
  35   1.0493  4.14   6.5000   2.0884   0.0000   0.0000 0.00000 0.00000 2  8   -5 1.0   0     0;
  36   1.0635  6.83   5.6000   0.9688   0.0000   0.0000 0.00000 0.00000 2  8   -5 1.0   0     0;
  37   1.0278  1.26   5.4000  -0.0444   0.0000   0.0000 0.00000 0.00000 2  8   -5 1.0   0     0;
  38   1.0265  6.55   8.3000   0.1939   0.0000   0.0000 0.00000 0.00000 2  8   -5 1.0   0     0;
  39   1.0300 -10.96  10.000   0.6846   11.040   2.5000 0.00000 0.00000 1  15 -10 1.0   0     0];


bdata.bustype=bdata.bus(:,[1 10]); 
bdata.generatorno=10;
bdata.xd=[0.006 0.031 0.0697 0.0531 0.0436 0.132 0.05 0.049 0.057 0.057];
bdata.H=[500 42 30.3 35.8 28.6 26.0 34.8 26.4 24.3 34.5];
bdata.faultyBus=32;
bdata.faultInceptionTime=0.05;
bdata.faultClearanceTime=bdata.faultInceptionTime+0.26;
bdata.runtime=6;
bdata.nodeOpen=[32 10];  %14 4
bdata.damping=[0 0 0 0 0 0 0 0 0 0];
bdata.connection=[39 1 4 5 6 7 8 9 39 11 12 12 14 4 16 17 18 3 20 34 22 23 35 16 37 28 26 26 28 2 6 10 19 20 22 23 25 29 1];
bdata.genConn=[30 31 32 33 34 35 36 37 38 39];       
end
